17 17 17 17 17 17 17 17 17 17 17 17 17 17 17 17 17 17 17 17 17 17 17 17 17 17 17 17 17 17 17 17 17 17 17 17 17 17 17 17 17 17 17 17 17 17 17 17 17 17 17 17 17 17 17 17 17 17 17 17 17 17 17 17 17 17 17 17 17 17 17 17 17 17 17 17 17 17 17 17 17 17 17 17 17 17 17 17 17 17 17 17 17 17 17 17 17 17 17 17 17 17 17 17 17 17 17 17 17 17 17 17 17 17 17 17 17 17 17 17 17 17 17 17 17 17 17 17
17 17 17 17 17 17 17 17 17 17 17 17 17 17 17 17 17 17 17 17 17 17 17 17 17 17 17 17 17 17 17 17 17 17 17 17 17 17 17 17 17 17 17 17 17 17 17 17 17 17 17 17 17 17 17 17 17 17 17 17 17 17 17 17 17 17 17 17 17 17 17 17 17 17 17 17 17 17 17 17 17 17 17 17 17 17 17 17 17 17 17 17 17 17 17 17 17 17 17 17 17 17 17 17 17 17 17 17 17 17 17 17 17 17 17 17 17 17 17 17 17 17 17 17 17 17 17 17
17 17 17 17 17 17 17 17 17 17 17 17 17 17 17 17 17 17 17 17 17 17 17 17 17 17 17 17 17 17 17 17 17 17 17 17 17 17 17 17 17 17 17 17 17 17 17 17 17 17 17 17 17 17 17 17 17 17 17 17 17 17 17 17 17 17 17 17 17 17 17 17 17 17 17 17 17 17 17 17 17 17 17 17 17 17 17 17 17 17 17 17 17 17 17 17 17 17 17 17 17 17 17 17 17 17 17 17 17 17 17 17 17 17 17 17 17 17 17 17 17 17 17 17 17 17 17 17
17 17 17 17 17 17 17 17 17 17 17 17 17 17 17 17 17 17 17 17 17 17 17 17 17 17 17 17 17 17 17 17 17 17 17 17 17 17 17 17 17 17 17 17 17 17 17 17 17 17 17 17 17 17 17 17 17 17 17 17 17 17 17 17 17 17 17 17 17 17 17 17 17 17 17 17 17 17 17 17 17 17 17 17 17 17 17 17 17 17 17 17 17 17 17 17 17 17 17 17 17 17 17 17 17 17 17 17 17 17 17 17 17 17 17 17 17 17 17 17 17 17 17 17 17 17 17 17
17 17 17 17 17 17 17 17 17 17 17 17 17 17 17 17 17 17 17 17 17 17 17 17 17 17 17 17 17 17 17 17 17 17 17 17 17 17 17 17 17 17 17 17 17 17 17 17 17 17 17 17 17 17 17 17 17 17 17 17 17 17 17 17 17 17 17 17 17 17 17 17 17 17 17 17 17 17 17 17 17 17 17 17 17 17 17 17 17 17 17 17 17 17 17 17 17 17 17 17 17 17 17 17 17 17 17 17 17 17 17 17 17 17 17 17 17 17 17 17 17 17 17 17 17 17 17 17
17 17 17 17 17 17 17 17 17 17 17 17 17 17 17 17 17 17 17 17 17 17 17 17 17 17 17 17 17 17 17 17 17 17 17 17 17 17 17 17 17 17 17 17 17 17 17 17 17 17 17 17 17 17 17 17 17 17 17 17 17 17 17 17 17 17 17 17 17 17 17 17 17 17 17 17 17 17 17 17 17 17 17 17 17 17 17 17 17 17 17 17 17 17 17 17 17 17 17 17 17 17 17 17 17 17 17 17 17 17 17 17 17 17 17 17 17 17 17 17 17 17 17 17 17 17 17 17
17 17 17 17 17 17 17 17 17 17 17 17 17 17 17 17 17 17 17 17 17 17 17 17 17 17 17 17 17 17 17 17 17 17 17 17 17 17 17 17 17 17 17 17 17 17 17 17 17 17 17 17 17 17 17 17 17 17 17 17 17 17 17 17 17 17 17 17 17 17 17 17 17 17 17 17 17 17 17 17 17 17 17 17 17 17 17 17 17 17 17 17 17 17 17 17 17 17 17 17 17 17 17 17 17 17 17 17 17 17 17 17 17 17 17 17 17 17 17 17 17 17 17 17 17 17 17 17
17 17 17 17 17 17 17 17 17 17 17 17 17 17 17 17 17 17 17 17 17 17 17 17 17 17 17 17 17 17 17 17 17 17 17 17 17 17 17 17 17 17 17 17 17 17 17 17 17 17 17 17 17 17 17 17 17 17 17 17 17 17 17 17 17 17 17 17 17 17 17 17 17 17 17 17 17 17 17 17 17 17 17 17 17 17 17 17 17 17 17 17 17 17 17 17 17 17 17 17 17 17 17 17 17 17 17 17 17 17 17 17 17 17 17 17 17 17 17 17 17 17 17 17 17 17 17 17
17 17 17 17 17 17 17 17 17 17 17 17 17 17 17 17 17 17 17 17 17 17 17 17 17 17 17 17 17 17 17 17 17 17 17 17 17 17 17 17 17 17 17 17 17 17 17 17 17 17 17 17 17 17 17 17 17 17 17 17 17 17 17 17 17 17 17 17 17 17 17 17 17 17 17 17 17 17 17 17 17 17 17 17 17 17 17 17 17 17 17 17 17 17 17 17 17 17 17 17 17 17 17 17 17 17 17 17 17 17 17 17 17 17 17 17 17 17 17 17 17 17 17 17 17 17 17 17
17 17 17 17 17 17 17 17 17 17 17 17 17 17 17 17 17 17 17 17 17 17 17 17 17 00 00 00 00 00 00 00 00 00 00 00 00 00 00 00 17 17 17 17 17 17 17 17 17 17 17 17 17 17 17 17 17 17 17 17 17 17 17 17 17 17 17 17 17 17 17 17 17 17 17 17 17 17 17 17 17 17 17 17 17 17 17 17 17 17 17 17 17 00 00 00 00 17 17 17 17 17 17 17 17 17 17 17 17 17 17 17 17 17 17 17 17 17 17 17 17 17 17 17 17 17 17 17
17 17 17 17 17 17 17 17 17 17 17 17 17 17 17 17 17 17 17 17 00 00 00 00 00 00 00 00 06 06 06 06 06 00 00 00 00 00 00 00 00 00 00 00 17 17 17 17 17 17 17 17 17 17 17 17 17 17 17 17 17 17 17 17 17 17 17 17 17 17 17 17 17 17 17 17 17 17 17 17 17 17 17 17 17 17 00 00 00 00 00 00 00 00 00 00 00 00 00 00 00 00 17 17 17 17 17 17 17 17 17 17 17 17 17 17 17 17 17 17 17 17 17 17 17 17 17 17
17 17 17 17 17 17 17 17 17 17 17 00 00 00 00 00 00 00 00 00 00 00 00 00 00 00 00 20 20 20 20 20 20 20 20 00 06 06 00 00 00 00 00 00 00 00 00 00 00 19 19 19 19 19 19 19 19 19 17 17 17 17 17 17 17 17 17 17 17 17 17 17 17 17 17 17 17 17 17 17 00 00 00 00 00 00 00 00 00 00 00 00 00 00 00 06 06 00 00 00 00 00 00 19 19 19 17 17 17 17 17 17 17 17 17 17 17 17 17 17 17 17 17 17 17 17 17 17
17 17 17 17 17 17 17 17 17 17 17 00 00 00 00 00 00 00 00 00 06 06 06 06 06 00 00 20 20 20 20 20 01 01 20 20 20 20 06 06 06 00 00 00 00 00 00 00 00 00 00 00 00 00 00 00 19 19 19 17 17 17 17 17 17 17 17 17 17 17 17 17 17 17 17 19 19 19 19 00 00 00 00 00 00 00 00 00 06 06 06 06 06 06 06 03 06 03 03 03 00 00 00 00 00 19 19 19 19 19 19 19 19 17 17 17 17 17 17 17 17 17 17 17 17 17 17 17
17 17 17 17 17 17 00 00 00 00 00 00 00 00 00 00 06 06 06 06 06 00 20 20 20 20 20 01 01 01 01 01 01 01 01 01 01 01 20 20 20 20 20 00 00 00 00 00 00 03 03 00 00 00 00 00 00 00 19 19 19 19 19 19 19 17 17 17 17 17 17 17 17 17 17 19 19 00 00 00 00 00 00 00 00 09 09 09 09 09 09 06 06 00 03 03 03 03 03 03 03 03 03 00 00 00 00 00 19 19 19 19 17 17 17 17 17 17 17 17 17 17 17 17 17 17 17 17
17 17 17 17 17 17 00 00 00 00 00 00 00 00 06 06 20 20 20 20 20 20 20 01 01 01 01 01 01 01 01 01 01 01 01 01 01 01 01 01 01 01 20 00 00 00 00 00 00 03 03 03 00 00 00 00 00 00 00 00 00 00 00 00 19 19 19 19 19 17 17 17 17 19 19 19 00 00 00 00 00 00 00 09 09 09 09 09 09 09 09 00 00 00 06 03 03 03 03 03 03 03 03 03 03 03 03 00 18 19 19 17 17 17 17 17 17 17 17 17 17 17 17 17 17 17 17 17
17 17 17 17 17 17 17 17 00 00 00 00 00 06 20 20 20 20 01 01 01 01 01 01 01 01 01 01 01 01 01 01 01 01 01 01 01 01 01 01 01 01 20 20 00 00 00 00 00 00 03 03 03 03 00 00 00 00 00 00 00 00 00 00 00 00 00 00 19 19 19 19 19 00 00 00 00 00 00 00 00 09 09 09 09 09 09 09 09 00 00 00 00 00 00 06 03 03 03 03 03 03 03 03 03 19 19 19 19 19 17 17 17 17 17 17 17 17 17 17 17 17 17 17 17 17 17 17
17 17 17 17 17 17 17 17 00 00 00 06 00 20 01 01 01 01 01 01 01 01 01 01 01 01 01 04 01 01 01 01 01 01 01 01 01 01 01 01 07 01 01 20 00 00 00 00 00 00 00 00 00 03 03 00 00 00 00 00 00 00 00 00 00 00 00 00 00 00 00 00 00 00 00 00 00 00 00 00 00 09 09 09 09 09 09 09 00 00 00 00 00 00 00 00 03 00 00 00 03 03 19 19 19 19 19 17 17 17 17 17 17 17 17 17 17 17 17 17 17 17 17 17 17 17 17 17
17 17 17 17 17 17 17 17 00 00 00 06 06 20 01 01 01 01 01 01 01 01 01 01 01 17 17 17 01 01 01 01 01 01 01 01 01 01 01 01 01 01 01 20 06 00 00 00 00 00 00 00 03 03 00 00 00 00 00 00 00 00 00 00 00 00 00 00 00 00 00 00 00 00 00 00 00 00 00 00 09 09 09 09 09 09 09 00 00 00 00 00 00 00 00 00 00 00 00 00 19 19 19 19 17 17 17 17 17 17 17 17 17 17 17 17 17 17 17 17 17 17 17 17 17 17 17 17
17 17 17 17 17 17 17 17 00 00 00 00 06 20 01 01 01 01 07 01 01 01 01 01 04 17 17 17 17 04 01 01 01 01 01 01 01 01 01 01 01 01 01 20 20 20 06 00 00 00 00 00 00 00 00 00 00 00 00 00 00 00 00 00 06 06 06 00 00 00 06 06 06 06 06 06 00 00 09 09 09 09 09 09 00 00 00 00 00 00 00 00 00 00 00 00 00 17 17 17 17 17 17 17 17 17 17 17 17 17 17 17 17 17 17 17 17 17 17 17 17 17 17 17 17 17 17 17
17 17 17 17 17 17 17 17 17 00 00 00 06 20 20 01 01 01 01 01 01 01 01 01 01 01 17 17 17 17 17 18 01 01 01 01 01 01 01 01 01 01 01 01 01 20 20 20 06 06 00 00 00 00 00 00 00 00 00 00 00 06 06 06 06 06 06 06 06 06 06 06 06 00 00 00 00 09 09 09 09 09 09 09 00 00 00 00 00 17 17 17 17 17 17 17 17 17 17 17 17 17 17 17 17 17 17 17 17 17 17 17 17 17 17 17 17 17 17 17 17 17 17 17 17 17 17 17
17 17 17 17 17 17 17 17 17 00 00 00 06 00 06 20 01 01 01 01 01 01 01 01 01 01 04 17 17 04 01 01 01 01 01 01 01 01 01 01 01 01 01 01 01 01 01 01 20 20 20 00 00 00 00 00 00 00 06 06 06 06 06 06 06 06 06 06 06 06 06 19 00 00 00 00 00 09 09 09 09 09 00 00 00 00 00 00 00 17 17 17 17 17 17 17 17 17 17 17 17 17 17 17 17 17 17 17 17 17 17 17 17 17 17 17 17 17 17 17 17 17 17 17 17 17 17 17
17 17 17 17 17 17 17 17 17 00 00 00 00 06 20 01 01 01 01 01 01 01 01 01 01 01 01 01 01 01 01 01 01 01 01 01 01 01 01 01 01 01 01 01 01 01 01 01 01 20 20 00 00 00 00 00 00 06 06 06 06 06 06 06 06 01 01 06 06 06 19 00 00 00 00 00 09 09 00 00 00 00 00 00 00 00 00 00 17 17 17 17 17 17 17 17 17 17 17 17 17 17 17 17 17 17 17 17 17 17 17 17 17 17 17 17 17 17 17 17 17 17 17 17 17 17 17 17
17 17 17 17 17 17 17 17 17 00 00 00 00 06 20 01 01 01 01 01 01 01 01 01 01 01 01 01 01 01 01 01 01 01 01 01 07 01 01 01 01 01 01 01 01 01 01 20 20 06 06 00 00 00 00 00 06 06 06 06 06 06 06 01 01 01 06 06 06 19 00 00 00 00 00 09 09 09 00 00 00 00 00 00 00 00 17 17 17 17 17 17 17 17 17 17 17 17 17 17 17 17 17 17 17 17 17 17 17 17 17 17 17 17 17 17 17 17 17 17 17 17 17 17 17 17 17 17
17 17 17 17 17 17 17 17 17 00 00 00 00 06 20 01 20 01 01 01 01 01 01 01 01 01 01 01 01 01 01 01 01 01 01 01 01 01 01 01 01 01 01 01 01 01 01 20 06 00 00 00 00 00 00 00 06 06 06 06 06 01 01 01 06 06 06 06 06 06 06 00 00 00 09 09 09 00 00 00 00 00 00 17 17 17 17 17 17 17 17 17 17 17 17 17 17 17 17 17 17 17 17 17 17 17 17 17 17 17 17 17 17 17 17 17 17 17 17 17 17 17 17 17 17 17 17 17
17 17 17 17 17 17 17 17 17 17 00 00 00 06 20 01 20 01 01 01 01 01 01 01 01 01 01 01 01 01 01 01 01 01 01 01 01 01 01 01 01 01 01 20 20 20 20 00 00 00 00 00 00 00 00 06 06 06 06 06 01 01 06 06 06 06 06 19 06 06 00 00 00 00 00 09 09 00 00 00 00 00 00 17 17 17 17 17 17 17 17 17 17 17 17 17 17 17 17 17 17 17 17 17 17 17 17 17 17 17 17 17 17 17 17 17 17 17 17 17 17 17 17 17 17 17 17 17
17 17 17 17 17 17 17 17 17 17 17 00 00 06 06 06 20 01 01 01 01 01 01 01 01 01 01 01 01 01 01 01 01 01 01 01 01 01 01 01 01 01 01 20 20 00 06 00 00 00 00 00 00 00 06 06 06 06 06 06 06 06 06 06 06 06 06 19 19 00 00 00 00 00 00 00 00 00 00 19 17 17 17 17 17 17 17 17 17 17 17 17 17 17 17 17 17 17 17 17 17 17 17 17 17 17 17 17 17 17 17 17 17 17 17 17 17 17 17 17 17 17 17 17 17 17 17 17
17 17 17 17 17 17 17 17 17 17 00 00 00 00 06 06 20 01 01 01 01 01 01 01 01 01 01 01 01 01 01 01 01 20 01 01 01 01 01 01 20 20 20 20 06 00 00 00 00 00 00 00 00 00 06 06 06 06 06 06 06 00 00 19 06 19 19 19 00 00 00 00 00 00 00 00 00 00 19 19 17 17 17 17 17 17 17 17 17 17 17 17 17 17 17 17 17 17 17 17 17 17 17 17 17 17 17 17 17 17 17 17 17 17 17 17 17 17 17 17 17 17 17 17 17 17 17 17
17 17 17 17 17 17 17 17 17 17 00 00 06 20 20 20 20 01 01 01 01 01 01 01 01 01 01 01 01 01 01 01 20 20 20 20 20 20 20 20 20 20 00 06 00 00 00 00 00 00 00 00 06 06 06 06 06 06 06 06 00 00 00 00 19 00 00 00 00 00 00 00 00 00 00 19 19 19 19 17 17 17 17 17 17 17 17 17 17 17 17 17 17 17 17 17 17 17 17 17 17 17 17 17 17 17 17 17 17 17 17 17 17 17 17 17 17 17 17 17 17 17 17 17 17 17 17 17
17 17 17 17 17 17 17 17 17 17 00 06 20 01 01 01 01 01 01 01 01 07 01 01 01 01 01 01 01 01 01 01 01 01 01 20 06 06 06 06 06 06 00 00 00 00 00 00 00 00 00 06 06 06 06 06 06 06 06 06 00 00 12 00 00 00 00 00 00 00 00 00 00 19 19 19 19 19 19 17 17 17 17 17 17 17 17 17 17 17 17 17 17 17 17 17 17 17 17 17 17 17 19 19 19 19 19 19 17 17 17 17 17 17 17 17 17 17 17 17 17 17 17 17 17 17 17 17
17 17 17 17 17 17 17 17 17 17 00 06 20 01 01 01 01 01 01 01 01 01 01 01 01 01 01 20 20 20 01 01 01 20 20 00 06 00 00 00 00 00 00 00 00 00 00 00 06 06 06 06 06 06 06 06 06 00 00 00 00 12 12 12 00 00 00 00 00 00 00 00 00 19 19 17 17 17 17 17 17 17 17 17 17 17 17 17 17 17 17 17 17 17 17 17 17 17 17 17 19 19 19 19 19 19 19 19 19 17 17 17 17 17 17 17 17 17 17 17 17 17 17 17 17 17 17 17
17 17 17 17 17 17 17 00 00 00 00 06 20 01 01 20 01 01 01 01 01 01 01 01 01 20 20 06 00 20 20 20 20 20 06 00 00 00 00 00 00 00 00 00 00 00 00 06 06 06 06 06 06 00 06 06 06 00 00 00 00 12 12 12 00 00 00 00 00 19 19 19 19 19 19 17 17 17 17 17 17 17 17 17 17 17 17 17 17 17 17 17 17 17 17 17 17 17 19 19 19 19 19 19 06 06 06 19 19 17 17 17 17 17 17 17 17 17 17 17 17 17 17 17 17 17 17 17
17 17 17 17 17 17 17 00 00 00 00 06 20 01 20 06 20 01 01 01 01 01 01 01 01 20 06 00 06 06 06 06 00 00 06 00 00 00 00 00 00 00 00 00 00 00 06 06 06 06 06 06 19 00 00 00 00 00 00 00 12 12 12 00 00 00 00 19 19 19 19 19 19 19 17 17 17 17 17 17 17 17 17 17 17 17 17 17 17 17 17 17 17 17 17 17 17 17 19 19 19 19 06 06 06 06 06 06 19 19 19 19 17 17 17 17 17 17 17 17 17 17 17 17 17 17 17 17
17 17 17 17 17 17 17 00 00 00 00 00 06 20 20 06 20 01 01 01 01 01 01 01 01 20 06 00 00 00 00 00 00 00 00 00 00 00 00 00 00 00 00 00 00 00 06 06 06 06 06 19 19 00 00 00 00 00 00 12 12 12 00 00 00 00 00 19 19 19 17 17 17 17 17 17 17 17 17 17 17 17 17 17 17 17 17 17 17 17 17 17 17 17 17 17 17 19 19 19 06 06 06 06 06 06 06 06 06 19 19 19 17 17 17 17 17 17 17 17 17 17 17 17 17 17 17 17
17 17 17 17 17 17 17 00 00 00 00 00 06 06 20 00 20 20 20 20 20 01 01 20 20 20 20 00 00 00 00 00 00 00 00 00 00 00 00 00 00 00 00 00 00 06 06 06 06 06 19 19 00 00 00 12 12 12 12 12 12 00 00 00 00 00 19 19 17 17 17 17 17 17 17 17 17 17 17 17 17 17 17 17 17 17 17 17 17 17 17 17 17 17 17 17 17 19 19 06 06 06 06 06 06 06 06 06 06 06 19 19 19 19 17 17 17 17 17 17 17 17 17 17 17 17 17 17
17 17 17 17 17 17 17 00 00 00 00 00 00 06 00 00 06 06 06 06 20 20 20 20 20 20 06 00 00 00 00 00 00 00 00 00 00 00 00 00 00 00 00 00 00 06 06 06 06 19 19 00 00 12 12 12 12 12 12 00 00 00 00 00 00 00 19 19 17 17 17 17 17 17 17 17 17 17 17 17 17 17 17 17 17 17 17 17 17 17 17 17 17 17 17 17 17 19 19 06 06 06 06 06 06 06 06 06 06 06 06 19 19 19 17 17 17 17 17 17 17 17 17 17 17 17 17 17
17 17 17 17 17 00 00 00 00 00 00 00 00 00 00 00 00 00 00 06 06 06 06 06 00 00 00 00 00 00 00 00 00 09 09 09 00 00 00 00 00 00 00 00 00 06 06 06 06 06 00 00 00 00 12 12 12 00 00 00 19 19 19 19 19 19 19 17 17 17 17 17 17 17 17 17 17 17 17 17 17 17 17 17 17 17 17 17 17 17 17 17 17 17 19 19 19 19 19 06 06 06 06 06 06 06 06 06 06 06 06 06 19 19 19 19 17 17 17 17 17 17 17 17 17 17 17 17
17 17 17 17 17 00 00 00 00 00 00 00 00 00 00 00 00 00 00 00 00 00 00 00 00 00 00 00 00 00 00 00 09 09 00 00 00 00 00 00 00 00 00 00 06 06 06 06 06 00 00 00 00 00 00 12 00 00 19 19 19 19 19 19 19 19 17 17 17 17 17 17 17 17 17 17 17 17 17 17 17 17 17 17 17 17 17 17 17 17 17 19 19 19 19 19 19 06 06 06 06 06 06 06 06 06 06 06 06 06 06 06 06 06 19 19 19 17 17 17 17 17 17 17 17 17 17 17
17 17 17 17 17 00 00 00 06 06 06 00 00 00 00 00 00 00 00 00 00 00 00 00 00 00 00 00 09 09 09 09 00 00 00 00 00 00 00 00 00 00 00 06 06 06 06 06 19 00 00 00 19 19 00 00 00 19 19 19 19 19 19 17 17 17 17 17 17 17 17 17 17 17 17 17 17 17 17 17 17 17 17 17 17 17 17 17 17 19 19 19 19 19 06 06 06 06 06 06 06 06 06 06 06 06 06 06 06 06 06 06 06 06 06 06 19 19 17 17 17 17 17 17 17 17 17 17
17 17 17 17 00 00 00 00 06 06 06 06 06 00 06 06 06 00 00 00 00 00 00 00 00 00 00 09 09 09 09 00 00 00 00 00 00 00 00 00 00 00 06 06 06 06 06 19 00 00 00 19 19 17 19 00 00 17 17 17 17 17 17 17 17 17 17 17 17 17 17 17 17 17 17 17 17 17 17 17 17 17 17 17 17 17 19 19 19 19 19 19 06 19 19 06 06 06 06 06 06 06 06 06 06 06 06 06 06 06 06 06 06 06 18 06 19 19 17 17 17 17 17 17 17 17 17 17
17 17 17 00 00 00 00 06 06 06 06 00 00 00 00 00 06 06 00 00 00 00 00 00 00 00 09 09 09 00 00 00 00 00 00 00 00 00 06 06 06 06 06 06 06 19 19 19 19 19 19 19 17 17 17 00 00 17 17 17 17 17 17 17 17 17 17 17 17 17 17 17 17 17 17 17 17 17 17 17 17 17 17 17 17 17 19 19 19 06 06 06 00 19 19 06 06 06 06 06 06 06 06 06 06 06 06 06 06 06 06 06 06 06 06 06 06 19 19 17 17 17 17 17 17 17 17 17
17 17 17 00 00 00 00 06 06 06 06 00 00 00 00 00 00 06 06 06 00 00 00 00 00 00 00 00 00 00 00 00 00 00 06 06 06 06 06 06 06 06 19 19 19 19 19 19 19 19 19 19 17 17 17 17 00 17 17 17 17 17 17 17 17 17 17 17 17 17 17 17 17 17 17 17 17 17 17 17 06 06 06 06 00 00 00 00 00 00 00 06 00 19 19 19 06 06 06 06 06 06 06 06 06 06 06 06 06 06 06 06 06 06 06 06 06 19 19 17 17 17 17 17 17 17 17 17
17 17 17 00 00 00 00 00 06 06 00 00 00 00 00 00 00 00 00 00 00 00 00 00 00 00 00 00 00 00 00 00 00 06 06 06 19 19 19 19 19 19 19 19 19 19 19 17 17 17 17 17 17 17 17 17 14 17 17 17 17 17 17 17 17 17 17 17 17 17 17 17 17 17 17 17 00 18 06 06 00 00 00 00 00 19 19 19 17 17 00 00 00 00 19 19 19 19 06 06 06 06 06 06 06 06 06 06 06 06 06 06 06 06 06 06 06 19 19 17 17 17 17 17 17 17 17 17
17 17 17 00 00 00 00 00 06 06 06 00 00 00 00 00 00 00 00 00 00 00 00 00 00 00 00 00 00 00 06 06 06 06 06 19 19 19 19 19 19 19 19 19 17 17 17 17 17 17 17 17 17 17 17 17 14 17 17 17 17 17 17 17 17 17 17 17 17 17 17 17 17 17 17 17 06 06 06 17 17 17 17 17 17 17 17 17 17 17 17 17 17 00 00 19 19 19 06 06 06 06 06 06 06 06 06 06 06 06 06 06 06 06 06 06 06 06 19 17 17 17 17 17 17 17 17 17
17 17 17 17 17 00 00 00 00 06 06 00 00 00 03 03 00 00 00 00 00 00 00 00 00 00 00 00 00 00 06 06 06 19 19 19 17 17 17 17 17 17 17 17 17 17 17 17 17 17 17 17 17 17 17 17 14 17 17 00 00 19 17 17 17 17 17 17 17 17 17 17 17 17 17 17 17 17 17 17 17 17 17 17 17 17 17 17 17 17 17 17 17 00 00 00 06 19 19 06 06 06 06 06 06 06 06 06 06 06 06 06 06 06 06 06 06 06 19 19 17 17 17 17 17 17 17 17
17 17 17 17 17 00 00 00 00 00 06 00 00 00 01 01 00 03 00 00 00 00 00 00 00 00 00 00 06 06 06 06 17 17 17 17 17 17 17 17 17 17 17 17 17 17 17 17 17 17 17 17 17 17 17 19 00 00 00 00 00 00 00 17 17 17 17 17 17 17 17 17 17 17 17 17 17 17 17 17 17 17 17 17 17 17 17 17 17 17 17 17 17 17 17 00 06 19 19 06 06 06 06 06 06 06 06 06 06 06 06 06 06 06 06 06 06 06 19 19 17 17 17 17 17 17 17 17
17 17 17 17 17 00 00 00 00 00 00 00 00 03 01 01 01 01 03 00 00 00 00 00 00 00 00 00 06 06 06 06 17 17 17 17 17 17 17 17 17 17 17 17 17 17 17 17 17 17 17 17 17 17 17 17 00 00 12 12 12 06 00 19 17 17 17 17 17 17 17 17 17 17 17 17 17 17 17 17 17 17 17 17 17 17 17 17 17 17 17 03 03 17 00 00 00 19 19 06 06 06 06 06 06 06 06 06 06 06 06 06 06 06 06 06 06 19 19 19 17 17 17 17 17 17 17 17
17 17 17 17 17 17 00 00 00 00 00 00 00 00 03 01 18 01 01 01 00 00 00 00 00 00 00 00 06 06 06 17 17 17 17 17 17 17 17 17 17 17 17 17 17 17 17 17 17 17 17 17 17 17 17 17 17 06 00 12 12 12 00 00 17 17 17 17 17 17 17 17 17 17 17 17 17 17 17 17 17 17 17 17 17 17 17 17 17 17 03 03 00 00 00 00 19 19 06 06 06 06 06 06 06 06 06 06 06 06 06 06 06 06 06 19 19 19 19 17 17 17 17 17 17 17 17 17
17 17 17 17 17 17 17 00 00 00 00 00 00 00 03 01 01 01 01 01 00 00 00 00 00 00 19 19 06 06 17 17 17 17 17 17 17 17 17 17 17 17 17 17 17 17 17 17 17 17 17 17 17 17 17 17 00 00 19 00 00 00 00 00 00 17 17 17 17 17 17 17 17 17 17 17 17 17 17 17 17 17 17 17 17 17 17 17 17 17 03 00 00 00 00 06 19 19 06 06 06 06 06 06 06 06 06 06 06 06 06 06 19 19 19 19 19 19 19 17 17 17 17 17 17 17 17 17
17 17 17 17 17 17 17 17 17 00 00 00 00 00 00 03 03 01 00 03 00 00 00 00 00 19 19 17 17 17 17 17 17 17 17 17 17 17 17 17 17 17 17 17 17 17 17 17 17 17 17 17 17 17 17 17 17 06 00 19 17 17 17 19 00 00 17 17 17 17 17 17 17 17 17 17 17 17 17 17 17 17 17 17 17 17 17 17 17 17 03 00 00 00 19 19 19 19 06 06 06 06 06 06 06 06 06 06 06 06 19 19 19 19 19 06 06 19 19 19 17 17 17 17 17 17 17 17
17 17 17 17 17 17 17 17 17 17 17 17 00 00 00 00 03 03 00 00 00 00 19 19 19 19 19 17 17 17 17 17 17 17 17 17 17 17 17 17 17 17 17 17 17 17 17 17 17 17 17 17 17 17 17 17 17 17 17 17 17 17 17 17 14 17 17 17 17 17 17 17 17 17 17 17 17 17 17 17 17 17 17 17 17 17 17 17 19 06 03 03 00 00 19 19 19 06 06 06 06 06 06 06 06 06 06 06 19 19 19 19 19 19 06 06 06 06 19 19 19 17 17 17 17 17 17 17
17 17 17 17 17 17 17 17 17 17 17 17 00 00 00 00 00 00 00 00 00 19 17 17 17 17 19 17 17 17 17 17 17 17 17 17 17 17 17 17 17 17 17 17 17 17 17 17 17 17 17 17 17 17 17 17 17 17 17 17 17 17 17 17 14 17 17 17 17 17 17 17 17 17 17 17 17 17 17 17 17 17 17 17 17 17 17 17 19 19 03 03 00 00 00 03 19 06 06 06 06 06 06 06 06 06 19 19 19 19 06 06 06 06 06 03 00 00 06 19 19 17 17 17 17 17 17 17
17 17 17 17 17 17 17 17 17 17 17 17 00 00 00 00 00 00 00 00 19 19 17 17 17 17 17 17 17 17 17 17 17 17 17 17 17 17 17 17 17 17 17 17 17 17 17 17 17 17 17 17 17 17 17 17 17 17 17 17 17 17 17 17 14 17 17 17 17 17 17 17 17 17 17 17 17 17 17 17 17 17 17 17 17 17 17 17 17 19 19 03 00 00 00 00 19 06 06 06 06 06 06 06 06 19 19 19 19 06 06 06 06 06 00 00 00 00 03 19 19 17 17 17 17 17 17 17
17 17 17 17 17 17 17 17 17 17 17 17 19 00 00 00 00 00 00 19 17 17 17 17 17 17 17 17 17 17 17 17 17 17 17 17 17 17 17 17 17 17 17 17 17 17 17 17 17 17 17 17 17 17 17 17 17 17 17 17 17 17 17 00 00 19 17 17 17 17 17 17 17 17 17 17 17 17 17 17 17 17 17 17 17 17 17 17 17 19 19 06 03 00 00 00 19 19 06 06 00 00 00 00 19 19 19 19 06 06 06 06 03 00 00 00 18 00 00 19 19 17 17 17 17 17 17 17
17 17 17 17 17 17 17 17 17 17 17 17 17 19 00 00 00 00 00 00 19 17 17 17 17 17 17 17 17 17 17 17 17 17 17 17 17 17 17 17 17 17 17 17 17 17 17 17 17 17 17 17 17 17 17 17 17 17 17 17 17 17 19 00 00 19 00 19 19 17 17 17 17 17 17 17 17 17 17 17 17 17 17 17 17 17 17 17 17 17 19 19 19 19 00 00 19 19 19 00 00 00 00 00 19 00 00 00 06 06 06 00 00 03 00 00 00 00 00 03 19 17 17 17 17 17 17 17
17 17 17 17 17 17 17 17 17 17 17 17 17 19 19 00 00 00 00 00 00 19 17 17 17 17 17 17 17 17 17 17 17 17 17 17 17 17 17 17 17 17 17 17 17 17 17 17 17 17 17 17 17 19 19 19 19 17 17 19 19 19 00 00 00 00 00 19 19 17 17 17 17 17 17 17 17 17 17 17 17 17 17 17 17 17 17 17 17 17 17 17 19 19 00 00 00 19 19 00 00 00 00 00 00 00 00 00 00 00 00 00 00 00 00 00 00 00 00 00 19 17 17 17 17 17 17 17
17 17 17 17 17 17 17 17 17 17 17 17 17 19 19 00 00 00 00 00 00 19 19 19 17 17 17 17 17 17 17 17 17 17 17 17 17 17 17 17 17 17 17 17 17 17 17 17 17 17 17 00 19 19 00 00 00 19 19 19 00 00 03 03 00 03 00 00 19 19 17 17 17 17 17 17 17 17 17 17 17 17 17 17 17 17 17 17 17 17 17 17 17 19 19 19 00 00 19 19 00 00 00 00 00 00 00 00 00 00 00 00 00 00 00 00 00 00 00 00 19 19 19 17 17 17 17 17
17 17 17 17 17 17 17 17 17 17 17 17 17 17 19 00 00 00 00 00 00 00 00 19 17 17 17 17 17 17 17 17 17 17 17 17 17 17 17 17 17 17 17 19 17 17 17 17 17 17 00 00 00 00 00 00 00 00 00 00 03 03 03 03 03 03 00 00 00 19 17 17 17 17 17 17 17 17 17 17 17 17 17 17 17 17 17 17 17 17 17 17 17 17 19 19 00 00 00 19 19 19 00 00 00 00 00 00 00 00 00 00 00 00 00 00 00 00 00 00 00 19 19 17 17 17 17 17
17 17 17 17 17 17 17 17 17 17 17 17 17 19 19 00 00 00 00 00 00 00 00 19 19 17 17 17 17 17 17 17 17 17 17 17 17 17 17 17 17 19 19 19 19 19 19 00 13 13 00 00 19 19 00 00 00 00 00 03 03 03 00 00 00 00 03 00 00 00 19 17 17 17 17 17 17 17 17 17 17 17 17 17 17 17 17 17 17 17 17 17 17 17 19 19 00 00 00 00 19 19 19 19 06 00 00 00 00 00 00 00 00 06 06 00 00 00 00 00 00 19 19 17 17 17 17 17
17 17 17 17 17 17 17 17 17 17 17 17 17 19 00 00 00 00 00 19 19 19 00 00 19 17 17 17 17 17 17 17 17 17 17 17 17 17 17 17 19 12 12 12 06 12 19 12 17 17 17 17 17 17 17 19 00 00 00 03 00 00 00 00 00 00 00 00 06 00 00 00 19 19 17 17 17 17 17 17 17 17 17 17 17 17 17 17 17 17 17 17 19 17 19 19 00 00 00 00 00 06 19 19 19 09 00 00 00 00 00 19 19 19 19 00 00 00 00 00 00 19 19 17 17 17 17 17
17 17 17 17 17 17 17 17 17 17 17 17 17 19 00 00 00 19 19 19 17 19 00 19 19 17 17 17 17 17 17 17 17 17 17 17 17 17 17 19 06 12 19 12 12 19 19 12 19 19 17 17 17 17 17 19 00 00 00 03 00 00 00 03 06 03 19 19 06 06 00 00 00 00 19 19 00 17 17 17 17 17 17 17 17 17 17 17 17 17 17 17 19 19 19 00 00 00 00 00 00 00 06 19 19 19 19 00 00 00 19 19 19 19 19 09 00 00 00 00 00 00 19 19 17 17 17 17
17 17 17 17 17 17 17 17 17 17 17 17 19 19 00 00 19 19 19 19 17 17 19 19 17 17 17 17 17 17 17 17 17 17 17 17 17 17 19 12 12 19 06 12 19 06 19 12 06 19 17 17 17 17 17 19 19 00 00 00 06 00 06 19 00 19 19 12 19 19 06 03 00 00 00 00 00 19 19 19 17 17 17 17 17 17 17 17 17 17 17 17 19 19 00 00 00 00 00 06 19 19 19 19 19 19 19 00 00 00 19 19 19 19 19 09 06 00 00 00 00 00 19 19 17 17 17 17
17 17 17 17 17 17 17 17 17 17 17 17 19 00 00 00 19 17 17 17 17 17 19 17 17 17 17 17 17 17 17 17 17 17 17 17 17 17 19 12 19 18 00 19 06 12 12 12 19 19 17 17 17 17 17 19 19 00 00 00 00 19 19 12 12 12 12 12 12 19 06 03 00 03 00 00 00 00 00 19 19 19 17 17 17 17 17 17 17 17 17 17 19 19 00 00 00 00 00 19 19 19 19 19 19 09 00 00 00 00 19 19 19 19 19 19 19 09 00 00 00 00 00 19 17 17 17 17
17 17 17 17 17 17 17 17 17 17 17 17 19 00 00 00 19 17 17 17 17 17 17 17 17 17 17 17 17 17 17 17 17 17 17 17 17 17 19 12 06 19 19 06 12 12 19 19 19 17 17 17 17 17 17 17 19 00 00 19 06 19 19 12 12 12 12 12 12 19 19 06 00 03 03 03 03 00 00 00 00 00 00 17 17 17 17 17 00 00 17 17 19 06 00 00 00 00 06 19 19 19 19 09 09 00 00 00 00 00 19 19 19 19 19 19 19 09 00 00 00 00 00 19 17 17 17 17
17 17 17 17 17 17 17 17 17 17 17 17 19 00 00 19 19 17 17 17 17 17 17 17 17 17 17 17 17 17 17 17 17 17 17 17 17 17 19 19 12 12 12 12 12 19 19 17 17 17 17 17 17 17 17 17 17 17 00 06 19 12 12 19 19 19 12 19 12 19 19 06 00 00 03 03 03 00 00 00 00 19 00 17 17 17 17 17 00 00 00 00 00 00 00 00 00 00 19 19 19 09 09 00 06 00 00 03 00 00 00 09 19 19 19 19 19 19 09 00 00 00 00 19 17 17 17 17
17 17 17 17 17 17 17 17 17 17 17 00 00 00 00 19 17 17 17 17 17 17 17 17 17 17 17 17 17 17 17 17 17 17 17 17 17 17 17 19 12 06 19 19 19 19 17 17 17 17 17 17 17 17 17 17 17 17 00 00 06 19 12 12 12 12 12 19 12 06 19 06 00 00 00 00 00 00 19 19 17 17 00 17 17 17 17 17 17 00 00 00 00 00 00 00 00 00 19 19 09 00 06 00 00 00 00 03 00 00 06 06 00 09 19 19 19 19 09 00 00 00 00 19 17 17 17 17
17 17 17 17 17 17 17 17 17 17 17 00 00 19 19 19 17 17 17 17 17 17 17 17 17 17 17 17 17 17 17 17 17 17 17 17 17 17 17 19 19 19 19 17 17 17 17 17 17 17 17 17 17 17 17 17 17 17 17 06 06 19 19 12 19 19 19 19 06 00 03 00 00 00 00 00 19 19 19 17 17 17 17 17 17 17 17 17 17 19 19 00 00 00 00 00 00 19 19 09 00 00 00 00 00 00 00 03 00 00 06 06 00 09 19 19 19 19 19 00 00 00 00 00 17 17 17 17
17 17 17 17 17 17 17 17 17 17 17 14 17 17 19 17 17 17 17 17 17 17 17 17 17 17 17 17 17 17 17 17 17 17 17 17 17 17 17 17 17 19 19 17 17 17 17 17 17 17 17 17 17 17 17 17 17 17 06 00 19 12 12 12 12 12 12 12 19 06 00 19 19 00 00 19 19 17 17 17 17 17 17 17 17 17 17 17 17 19 19 19 00 00 00 00 00 19 00 06 06 00 00 00 00 03 03 03 00 00 00 06 00 09 19 19 19 19 09 00 00 00 00 00 17 17 17 17
17 17 17 17 17 17 17 17 17 17 17 14 17 17 17 17 17 17 17 17 17 17 17 17 17 17 17 17 17 17 17 17 17 17 17 17 17 17 17 17 17 17 17 17 17 17 17 17 17 17 17 17 17 17 17 00 00 00 00 19 12 18 18 12 19 12 19 00 19 19 00 00 19 19 19 19 19 17 17 17 17 17 17 17 17 17 17 17 17 19 19 00 00 00 00 00 00 00 00 00 00 00 03 03 03 03 03 03 00 00 06 00 09 09 19 19 19 09 00 00 00 00 00 17 17 17 17 17
17 17 17 17 17 17 17 17 17 17 17 14 17 17 17 17 17 17 17 17 17 17 17 17 17 17 17 17 17 17 17 17 17 17 17 17 17 17 17 17 17 17 17 17 17 17 17 17 17 17 17 17 17 17 19 19 00 00 19 12 12 18 18 12 19 19 06 06 19 06 00 00 17 17 19 19 17 17 17 17 17 17 17 17 17 17 17 17 17 19 19 00 00 00 00 00 00 00 00 00 00 00 03 03 03 00 03 03 00 00 00 00 09 19 19 19 19 06 00 00 00 00 00 17 17 17 17 17
17 17 17 17 17 17 17 17 17 17 00 00 17 17 17 17 17 17 17 17 17 17 17 17 17 17 17 17 17 17 17 17 17 17 17 17 17 17 17 17 17 17 17 17 17 17 17 17 17 17 17 17 19 19 19 19 00 00 06 19 12 12 12 12 19 19 00 19 00 00 17 17 17 17 17 17 17 17 17 17 17 17 17 17 17 17 17 19 19 19 00 00 00 00 00 00 00 00 00 00 00 00 00 00 00 00 00 03 03 00 00 00 06 19 19 09 00 00 00 00 00 00 00 17 17 17 17 17
17 17 17 17 17 17 17 17 17 17 00 00 17 17 17 17 17 17 17 17 17 17 17 17 17 17 17 17 17 17 17 17 17 17 17 17 17 17 17 17 17 17 17 17 17 17 17 17 17 17 17 17 19 19 19 00 00 00 03 06 19 19 19 19 06 19 00 00 00 19 17 17 17 17 17 17 17 17 17 17 17 17 17 17 17 19 19 19 19 19 00 00 00 00 00 00 00 00 00 00 00 00 00 00 00 00 00 03 03 00 00 09 09 19 19 09 06 00 00 00 00 00 00 17 17 17 17 17
17 17 17 17 17 17 17 17 17 19 00 00 00 00 00 17 17 17 17 17 17 17 17 17 17 17 17 17 17 17 17 17 17 17 17 17 17 17 17 17 06 17 17 17 17 17 17 17 17 17 17 17 17 19 00 00 00 00 00 19 19 06 06 00 00 00 19 00 19 19 19 17 17 17 17 17 17 17 17 17 17 17 19 19 19 19 19 00 00 00 00 00 00 00 00 00 00 00 06 00 00 00 00 00 00 00 00 03 03 00 00 00 00 06 19 00 00 00 00 00 00 00 00 17 17 17 17 17
17 17 17 17 17 17 17 17 17 19 00 00 00 00 00 00 00 17 17 17 17 17 17 17 17 17 17 17 17 17 17 17 17 17 17 17 17 17 17 17 06 06 17 17 17 17 17 17 17 17 17 17 17 19 00 00 00 00 00 06 00 00 00 00 00 00 00 00 19 19 17 17 17 17 17 17 17 17 17 17 17 19 19 00 00 00 00 00 00 00 00 00 00 00 00 00 00 06 17 17 06 06 00 00 00 00 00 03 03 03 00 00 00 06 19 19 19 09 00 00 00 00 17 17 17 17 17 17
17 17 17 17 17 17 17 17 19 19 00 00 01 00 01 00 00 17 17 17 17 17 17 17 17 17 17 17 17 17 17 17 17 17 17 17 17 17 06 06 06 06 06 17 17 17 17 17 17 17 17 17 17 19 19 19 00 00 00 00 00 19 19 17 17 17 17 17 17 17 17 17 17 17 17 17 17 17 17 17 00 00 00 00 00 00 00 00 00 00 00 00 00 00 06 06 06 00 17 17 00 17 00 06 00 00 00 00 00 00 00 00 00 00 09 19 19 09 00 00 00 00 17 17 17 17 17 17
17 17 17 17 17 17 17 17 19 00 00 01 00 01 00 00 00 00 17 17 17 17 17 17 17 17 17 17 17 17 17 17 17 17 17 17 17 17 06 06 06 00 06 06 06 17 17 17 17 17 17 17 17 17 19 19 19 19 19 00 19 17 17 17 17 17 17 17 17 17 17 17 17 17 17 17 17 17 17 17 00 00 00 00 00 00 00 00 00 00 00 00 00 06 00 00 17 17 17 17 17 17 06 06 00 06 00 00 00 00 00 00 00 00 06 19 19 19 00 00 00 00 17 17 17 17 17 17
17 17 17 17 17 17 17 17 19 00 00 00 01 01 00 01 00 00 17 17 17 17 17 17 17 17 17 17 17 17 17 17 17 17 17 17 17 06 06 00 00 00 00 06 06 06 17 17 17 17 17 17 17 17 17 19 19 19 19 19 17 17 17 17 17 17 17 17 17 17 17 17 17 17 17 17 17 17 17 17 00 00 00 00 00 00 00 00 00 00 00 00 00 06 00 06 17 17 17 17 17 17 17 17 06 06 06 00 00 00 00 00 00 00 00 00 19 19 00 00 00 00 17 17 17 17 17 17
17 17 17 17 17 17 17 17 19 19 00 00 01 00 01 01 00 17 17 17 17 17 17 17 17 17 17 17 17 17 17 17 17 17 17 17 17 06 00 00 03 03 03 00 06 06 06 17 17 17 17 17 17 17 17 17 17 19 19 17 17 17 17 17 17 17 17 17 17 17 17 17 17 17 17 17 17 17 17 17 17 00 00 00 00 00 00 00 00 00 00 00 00 06 17 17 17 17 17 17 17 17 17 17 17 00 00 06 06 00 00 00 00 00 00 00 00 00 00 00 00 00 17 17 17 17 17 17
17 17 17 17 17 17 17 17 17 19 00 00 00 01 01 00 00 00 17 17 17 17 17 17 17 17 17 17 17 17 17 17 17 17 06 17 06 00 03 03 00 03 03 00 06 00 06 17 17 17 17 17 17 17 17 17 17 17 17 17 17 17 17 17 17 17 17 17 17 17 17 17 17 17 17 17 17 17 17 17 17 17 06 00 00 00 00 00 00 00 00 00 06 17 17 17 17 17 17 17 17 17 17 17 17 17 17 17 00 00 00 00 00 00 00 00 00 00 00 00 00 17 17 17 17 17 17 17
17 17 17 17 17 17 17 17 17 19 19 00 00 01 01 01 00 00 17 17 17 17 17 17 17 17 17 17 17 17 17 17 17 17 06 06 06 00 03 00 19 00 00 03 00 00 00 06 17 17 17 17 17 17 17 17 17 17 17 17 17 17 17 17 17 17 17 17 17 17 17 17 17 17 17 17 17 17 17 17 17 17 06 06 06 00 00 00 00 00 00 06 00 17 17 17 17 17 17 17 17 17 17 17 17 17 17 17 06 06 00 00 00 00 00 00 00 00 00 00 17 17 17 17 17 17 17 17
17 17 17 17 17 17 17 17 17 17 19 00 00 00 00 01 00 00 17 17 17 17 17 17 17 17 17 17 17 17 17 17 17 17 17 00 00 00 00 19 19 19 00 00 00 00 00 00 17 17 17 17 17 17 17 17 17 17 17 17 17 17 17 17 17 17 17 17 17 17 17 17 17 17 17 17 17 17 17 17 17 17 06 00 00 00 00 00 00 00 00 00 06 00 17 17 17 17 17 17 17 17 17 17 17 17 17 17 17 06 00 00 00 00 00 00 00 19 00 00 17 17 17 17 17 17 17 17
17 17 17 17 17 17 17 17 17 17 19 19 19 00 00 00 01 00 00 00 17 17 17 17 17 17 17 17 17 17 17 17 17 17 17 17 00 00 19 19 17 19 19 00 00 00 00 00 17 17 17 17 17 17 17 17 17 17 17 17 17 17 17 17 17 17 17 17 17 17 17 17 17 17 17 17 17 17 17 17 17 06 06 00 00 00 00 00 00 00 00 00 06 18 00 17 17 17 17 17 17 17 17 17 17 17 17 17 06 06 00 00 00 00 00 00 00 19 19 19 17 17 17 17 17 17 17 17
17 17 17 17 17 17 17 17 17 17 17 17 19 19 00 00 01 00 00 00 17 17 17 17 17 17 17 17 17 17 17 17 17 17 17 00 00 00 19 17 17 19 19 19 19 00 00 00 17 17 17 17 17 17 17 17 17 17 17 17 17 17 17 17 17 17 17 17 17 17 17 17 17 17 17 17 17 17 17 17 17 06 06 00 00 00 00 00 00 00 00 00 00 00 06 17 17 17 17 17 17 17 17 17 17 17 17 17 06 00 00 00 00 00 00 00 00 00 19 19 17 17 17 17 17 17 17 17
17 17 17 17 17 17 17 17 17 17 17 17 17 19 19 00 00 00 00 00 00 17 17 17 17 17 17 17 17 17 17 17 17 17 17 00 00 19 19 17 17 17 17 17 19 00 00 17 17 17 17 17 17 17 17 17 17 17 17 17 17 17 17 17 17 17 17 17 17 17 17 17 17 17 17 17 17 17 17 17 06 06 00 00 00 00 00 00 00 00 00 00 06 00 00 17 17 17 17 17 17 17 17 17 17 17 17 06 06 00 00 00 00 00 00 00 00 00 19 17 17 17 17 17 17 17 17 17
17 17 17 17 17 17 17 17 17 17 17 17 17 17 19 19 19 00 00 00 00 17 17 17 17 17 17 17 17 17 17 17 17 17 00 00 00 17 17 17 17 17 17 17 00 00 00 17 17 17 17 17 17 17 17 17 17 17 17 17 17 17 17 17 17 17 17 17 17 17 17 17 17 17 17 17 17 17 17 06 06 00 00 00 00 00 00 00 00 00 06 00 06 06 17 17 17 17 17 17 17 17 17 17 17 00 06 00 00 00 00 00 00 00 00 00 00 19 19 17 17 17 17 17 17 17 17 17
17 17 17 17 17 17 17 17 17 17 17 17 17 17 17 19 17 00 03 00 17 17 17 17 17 17 17 17 17 17 17 17 17 17 00 00 17 17 17 17 17 17 17 00 00 00 00 00 17 17 17 17 17 17 17 17 17 17 17 17 17 17 17 17 17 17 17 17 17 17 17 17 17 17 17 17 17 06 06 06 19 19 00 00 00 00 00 00 00 00 00 00 00 00 17 17 17 17 17 17 17 17 17 17 17 17 00 06 00 00 00 00 00 00 00 00 19 19 19 17 17 17 17 17 17 17 17 17
17 17 17 17 17 17 17 17 17 17 17 17 17 17 17 17 17 17 00 03 00 00 17 17 17 17 17 17 17 17 17 17 17 17 00 17 17 17 17 17 17 17 17 17 17 00 17 00 17 17 17 17 17 17 17 17 17 17 17 17 17 17 17 17 17 17 17 17 17 17 17 17 17 17 17 17 06 06 06 19 19 19 19 00 00 00 00 00 00 00 00 06 00 17 17 17 17 17 17 17 17 17 17 17 17 06 06 00 00 00 00 00 00 00 00 00 19 17 17 17 17 17 17 17 17 17 17 17
17 17 17 17 17 17 17 17 17 17 17 17 17 17 17 17 17 17 17 00 03 03 00 00 17 17 17 17 17 17 17 00 00 13 00 17 17 17 17 17 17 17 17 17 17 17 17 14 17 17 17 17 17 17 17 17 17 17 17 17 17 17 17 17 17 17 17 17 17 17 17 17 17 17 17 17 06 06 19 19 06 06 19 19 00 00 00 00 00 00 06 00 17 17 17 17 17 17 17 17 17 17 17 17 17 17 06 00 00 00 00 00 00 00 00 19 19 17 17 17 17 17 17 17 17 17 17 17
17 17 17 17 17 17 17 17 17 17 17 17 17 17 17 17 17 17 17 17 00 03 00 03 00 00 00 00 17 17 00 00 00 17 17 17 17 17 17 17 17 17 17 17 17 17 17 14 17 00 00 00 00 00 00 17 17 17 17 17 17 17 17 17 17 17 17 17 17 17 17 17 17 06 06 06 06 19 19 06 06 06 06 06 00 00 00 00 00 06 00 17 17 17 17 17 17 17 17 17 17 17 17 17 17 17 00 00 00 00 00 00 00 00 19 19 19 17 17 17 17 17 17 17 17 17 17 17
17 17 17 17 17 17 17 17 17 17 17 17 17 17 17 17 17 17 17 17 17 00 00 00 03 03 03 03 03 00 00 00 00 17 17 17 17 17 17 17 17 17 17 17 17 17 17 00 00 00 00 00 00 17 17 17 17 17 17 17 17 17 17 17 17 17 17 17 17 17 17 06 06 06 06 06 06 06 06 06 17 17 17 06 00 00 00 00 00 00 06 17 17 17 17 17 17 17 17 17 17 17 17 17 17 00 06 06 00 00 00 00 00 00 19 17 17 17 17 17 17 17 17 17 17 17 17 17
17 17 17 17 17 17 17 17 17 17 17 17 17 17 00 00 17 17 17 17 17 17 17 17 17 00 00 00 00 03 00 03 00 00 17 17 17 17 17 17 17 17 17 17 00 00 00 00 00 06 00 17 17 17 17 17 17 17 17 17 17 17 17 17 17 17 17 17 17 17 17 17 17 17 17 17 06 06 06 06 17 17 17 06 06 00 00 00 00 00 06 00 17 17 17 17 17 17 17 17 17 17 17 17 17 06 00 00 00 00 00 00 00 19 19 17 17 17 17 17 17 17 17 17 17 17 17 17
17 17 17 17 17 17 17 17 17 17 17 17 17 17 00 00 00 17 17 17 17 17 17 17 17 17 17 17 17 00 03 00 00 00 00 00 00 00 17 17 17 17 17 17 00 00 00 00 03 00 00 00 00 17 17 17 17 17 17 17 17 00 17 17 17 17 17 17 17 17 17 17 17 17 17 17 17 17 17 17 17 17 17 17 06 00 00 00 00 06 00 00 17 17 17 17 17 17 17 17 17 17 17 17 06 06 00 00 00 00 00 00 00 19 19 19 17 17 17 17 17 17 17 17 17 17 17 17
17 17 17 17 17 17 17 17 17 17 17 17 00 00 00 00 00 00 17 17 17 17 17 17 17 17 17 17 17 17 17 17 17 17 00 00 00 00 00 00 17 17 17 17 00 00 00 06 06 00 00 00 17 17 17 17 17 17 00 00 00 00 00 00 17 17 17 17 17 17 17 17 17 17 17 17 17 17 17 17 17 17 17 17 06 00 00 00 00 00 00 06 00 00 00 17 17 17 17 17 17 17 17 06 00 06 00 00 00 00 00 00 00 19 19 19 17 17 17 17 17 17 17 17 17 17 17 17
17 17 17 17 17 17 17 17 17 17 19 00 00 00 06 00 00 00 17 17 17 17 17 17 17 17 17 17 17 17 17 17 17 17 17 17 00 00 00 00 00 00 17 00 00 00 06 03 03 00 00 00 17 17 17 17 17 17 00 00 00 00 00 00 00 00 17 17 17 17 17 17 17 17 17 17 17 17 17 17 17 17 17 17 00 00 00 00 00 00 00 06 00 06 00 00 17 17 17 17 17 17 17 06 06 00 00 00 00 00 00 00 00 00 19 19 19 17 17 17 17 17 17 17 17 17 17 17
17 17 17 17 17 17 17 17 19 19 00 00 00 06 06 00 00 00 00 00 17 17 17 17 17 17 17 17 17 17 17 17 17 17 17 17 17 00 00 00 00 00 17 00 00 00 06 03 00 00 00 00 17 17 17 17 00 00 00 03 06 03 03 00 00 00 17 17 17 17 17 17 17 17 17 17 17 17 17 17 17 00 00 00 00 00 00 00 00 00 00 00 00 06 06 06 00 17 17 17 17 06 06 00 00 00 00 00 00 00 00 00 00 00 19 19 19 17 17 17 17 17 17 17 17 17 17 17
17 17 17 17 17 17 17 19 19 19 00 00 06 06 06 06 00 00 00 00 17 17 17 17 17 17 17 17 17 17 17 17 17 17 17 17 17 17 00 00 00 00 00 17 00 00 06 00 00 00 17 17 17 17 17 17 00 00 00 06 06 03 06 03 06 00 00 17 17 17 17 17 17 17 17 17 17 17 17 00 00 00 00 00 00 03 00 00 00 00 00 00 00 00 00 06 06 17 17 00 06 06 06 00 00 00 00 00 00 00 00 19 19 19 19 19 19 17 17 17 17 17 17 17 17 17 17 17
17 17 17 17 17 17 19 19 00 00 00 00 06 06 06 06 06 06 00 00 00 17 17 17 17 17 17 17 17 17 17 17 17 17 17 17 17 00 00 00 03 00 00 17 00 00 06 00 00 17 17 17 17 17 17 17 00 06 03 03 06 00 03 00 00 00 00 00 00 17 17 17 17 17 17 17 17 17 00 00 00 00 00 00 00 03 00 03 00 00 00 00 00 00 00 06 00 06 06 06 00 00 00 00 00 00 00 00 00 19 19 19 19 19 19 19 19 19 17 17 17 17 17 17 17 17 17 17
17 17 17 17 17 17 19 19 00 00 00 00 06 06 03 06 06 06 06 06 00 17 17 17 17 17 17 17 17 17 17 17 17 17 17 00 00 00 06 06 00 00 00 00 00 06 06 00 00 17 17 17 17 17 17 00 00 03 03 06 00 00 00 00 00 17 00 00 00 00 00 00 00 17 17 17 17 17 17 17 17 17 00 00 00 00 03 03 03 00 00 00 00 00 00 00 00 06 06 06 00 00 00 00 00 00 00 00 00 19 19 19 17 19 19 19 19 19 17 17 17 17 17 17 17 17 17 17
17 17 17 17 17 17 17 19 19 00 00 06 06 06 03 03 06 03 00 00 00 00 00 00 17 17 17 17 17 17 17 17 17 00 00 00 00 00 00 06 03 00 03 00 00 03 00 00 00 17 17 17 17 00 00 00 00 00 00 00 00 17 17 17 17 17 00 00 00 00 00 00 00 17 17 17 17 17 17 17 17 17 00 00 00 00 00 00 00 00 00 00 00 00 00 00 00 00 00 00 00 00 00 00 00 00 00 00 00 00 19 17 17 17 19 19 19 17 17 17 17 17 17 17 17 17 17 17
17 17 17 17 17 17 17 19 19 19 00 06 06 06 03 00 03 00 03 00 00 00 00 00 00 00 00 00 17 17 17 17 17 00 00 00 00 00 00 00 06 06 06 06 00 00 03 00 00 00 17 17 17 00 00 00 00 00 00 00 17 17 17 17 17 17 17 17 00 00 00 00 00 17 17 00 00 00 00 17 17 17 17 17 17 00 00 00 00 00 00 00 00 00 00 00 00 00 00 00 00 00 00 00 01 01 01 00 00 00 19 17 17 17 17 17 17 17 17 17 17 17 17 17 17 17 17 17
17 17 17 17 17 17 17 19 19 19 00 06 03 03 00 00 00 00 00 00 00 00 00 00 00 00 00 00 00 00 00 00 00 00 06 00 00 06 06 03 06 06 06 00 06 06 06 00 00 00 00 00 17 00 00 00 00 00 00 17 17 17 17 17 17 17 17 00 00 06 00 00 00 00 00 00 00 00 00 17 17 17 17 17 17 17 17 17 17 17 17 00 00 00 00 00 00 00 00 00 01 01 00 01 01 00 01 00 00 00 19 19 17 17 17 17 17 17 17 17 17 17 17 17 17 17 17 17
17 17 17 17 17 17 17 17 17 19 00 00 06 03 03 00 00 00 00 00 00 01 00 00 00 00 00 00 00 00 00 00 00 00 00 00 06 06 06 00 06 06 00 03 06 00 00 06 00 00 00 00 00 00 00 00 00 17 17 17 17 00 00 17 17 17 17 00 00 00 06 00 00 00 00 00 01 03 00 00 17 17 17 17 17 17 00 00 00 17 00 00 00 00 00 00 00 00 00 01 01 01 00 01 01 01 00 00 00 19 19 19 17 17 17 17 17 17 17 17 17 17 17 17 17 17 17 17
17 17 17 17 17 17 17 17 19 19 00 00 06 06 03 03 00 00 00 00 01 01 00 01 00 00 01 00 00 00 00 00 00 00 00 03 06 06 06 00 00 03 00 00 00 00 00 00 00 06 00 00 00 00 00 00 00 17 17 17 00 00 00 00 00 13 13 00 00 06 00 00 00 00 00 03 01 01 00 17 17 17 17 17 17 17 00 00 00 00 00 00 00 00 17 17 00 00 00 00 01 01 01 01 01 00 00 00 00 19 19 19 17 17 17 17 17 17 17 17 17 17 17 17 17 17 17 17
17 17 17 17 17 17 17 19 19 19 19 00 00 06 06 03 00 00 00 00 01 01 01 01 01 01 00 01 00 00 00 00 03 06 06 06 03 00 00 00 00 00 00 00 00 00 00 00 00 00 00 06 00 03 00 00 17 17 17 17 00 00 00 00 00 17 17 00 00 03 03 00 00 00 00 00 03 01 00 00 17 17 17 17 17 17 00 00 00 00 00 00 00 17 17 17 17 00 00 00 00 01 01 01 00 00 00 00 00 19 19 17 17 17 17 17 17 17 17 17 17 17 17 17 17 17 17 17
17 17 17 17 17 17 17 19 19 19 19 19 00 06 06 03 03 00 00 00 00 01 01 01 01 01 00 00 00 00 00 00 06 00 00 00 00 00 00 00 17 17 17 17 17 17 17 19 00 00 00 06 06 06 00 00 17 17 17 17 17 00 00 00 17 17 17 00 00 00 03 06 00 17 17 00 00 00 00 17 17 17 17 17 17 17 17 00 00 00 00 00 00 17 17 17 17 00 00 00 01 01 01 01 00 00 00 00 19 19 19 17 17 17 17 17 17 17 17 17 17 17 17 17 17 17 17 17
17 17 17 17 17 17 17 19 19 19 19 00 00 00 06 06 00 00 00 00 01 01 01 01 01 01 01 01 00 00 00 00 00 00 00 00 00 00 00 00 17 17 17 17 17 17 17 19 19 00 00 03 00 03 00 00 17 17 17 17 17 00 00 17 17 17 00 00 03 03 06 00 00 17 17 17 17 00 17 17 17 17 17 17 17 17 17 17 17 17 00 00 17 17 17 00 00 00 00 00 01 01 01 01 00 00 00 19 19 19 17 17 17 17 17 17 17 17 17 17 17 17 17 17 17 17 17 17
17 17 17 17 17 17 17 17 19 19 00 00 00 06 06 00 00 00 00 00 01 01 01 01 01 01 01 00 00 00 00 00 00 00 17 17 17 17 17 17 17 17 17 17 17 17 17 19 19 09 00 00 06 06 03 00 00 00 17 17 17 17 17 17 17 17 00 00 03 06 00 00 00 17 17 17 17 14 17 17 17 17 17 17 17 17 17 17 17 17 17 17 17 17 00 00 00 00 01 00 00 01 00 01 01 00 00 17 17 17 17 17 17 17 17 17 17 17 17 17 17 17 17 17 17 17 17 17
17 17 17 17 17 17 17 17 19 00 18 00 00 00 06 00 00 00 00 01 01 01 00 01 00 00 00 00 00 00 00 00 00 00 17 17 17 17 17 17 17 17 17 17 17 17 17 19 19 19 00 00 06 06 06 00 00 00 17 17 17 00 17 17 17 17 00 00 06 00 06 00 00 17 17 17 17 14 17 17 17 17 17 17 17 17 17 17 17 17 17 17 00 00 00 00 00 01 01 01 01 01 01 01 00 00 00 17 17 17 17 17 17 17 17 17 17 17 17 17 17 17 17 17 17 17 17 17
17 17 17 17 17 17 17 17 19 19 00 00 00 00 00 00 00 00 01 01 01 01 01 00 00 00 00 00 00 00 00 00 00 17 17 17 17 17 17 17 17 17 17 17 17 17 17 17 19 19 09 00 00 03 06 00 00 00 17 17 00 00 00 00 00 00 00 03 00 00 00 00 00 17 17 17 17 00 17 17 17 17 17 17 17 17 17 17 17 17 17 17 00 00 00 00 01 00 00 01 01 01 01 01 00 00 00 17 17 17 17 17 17 17 17 17 17 17 17 17 17 17 17 17 17 17 17 17
17 17 17 17 17 17 17 17 19 19 00 00 00 00 00 00 00 00 00 01 01 01 00 00 00 00 00 00 00 00 00 17 17 17 17 17 17 17 17 17 17 17 17 17 17 17 17 17 19 19 19 09 00 00 06 03 00 00 17 17 00 00 00 00 00 06 06 06 00 00 00 17 17 17 17 17 00 00 00 17 17 17 17 17 17 17 17 17 17 17 17 00 00 00 00 00 00 01 01 01 01 01 01 01 00 00 17 17 17 17 17 17 17 17 17 17 17 17 17 17 17 17 17 17 17 17 17 17
17 17 17 17 17 17 17 17 19 19 19 00 00 00 00 00 00 00 00 01 01 01 00 00 00 19 00 00 00 00 17 17 17 17 17 17 17 17 17 17 17 17 17 17 17 17 17 17 17 19 19 09 00 00 00 06 00 00 00 17 00 00 00 00 06 06 06 00 00 00 00 17 17 17 17 00 00 03 00 00 17 17 17 17 17 17 17 17 17 17 17 00 00 00 00 01 01 01 01 00 01 01 00 00 00 00 17 17 17 17 17 17 17 17 17 17 17 17 17 17 17 17 17 17 17 17 17 17
17 17 17 17 17 17 17 17 17 19 19 19 00 00 00 00 00 00 00 01 01 00 00 00 19 19 19 00 00 00 00 00 00 17 17 17 17 17 17 17 17 17 17 00 17 17 17 17 19 19 19 09 09 00 00 06 00 00 00 00 00 00 00 00 00 00 00 00 00 00 00 17 17 17 17 00 03 00 00 00 17 17 17 17 17 17 17 17 17 17 00 00 00 00 01 01 01 01 01 01 01 00 00 00 00 00 17 17 17 17 17 17 17 17 17 17 17 17 17 17 17 17 17 17 17 17 17 17
17 17 17 17 17 17 17 17 17 19 19 19 19 19 19 00 00 00 01 00 00 00 00 19 19 19 06 06 00 00 00 00 00 17 17 17 17 17 17 17 17 17 00 06 17 17 17 17 19 19 19 09 09 00 00 00 00 00 00 00 00 00 00 00 00 00 00 09 09 17 17 17 17 17 17 00 03 03 00 17 17 17 17 17 17 17 17 17 17 17 00 00 00 01 01 01 01 01 01 01 01 00 00 00 00 17 17 17 17 17 17 17 17 17 17 17 17 17 17 17 17 17 17 17 17 17 17 17
17 17 17 17 17 17 17 17 17 19 19 19 19 19 00 00 00 00 00 00 00 00 19 19 19 19 06 06 06 06 00 00 00 00 17 17 17 17 17 17 17 17 17 00 17 17 17 17 19 19 19 19 09 09 00 00 00 00 00 00 00 00 00 00 00 09 09 09 17 17 17 17 17 17 00 00 03 00 00 17 17 17 17 17 17 17 17 17 17 17 00 00 01 01 01 00 01 01 01 01 00 00 00 00 00 17 17 17 17 17 17 17 17 17 17 17 17 17 17 17 17 17 17 17 17 17 17 17
17 17 17 17 17 17 17 17 17 17 17 17 19 19 19 19 00 00 00 00 00 00 19 19 19 06 06 06 00 00 00 00 00 00 17 17 17 17 17 17 17 17 06 00 17 17 17 17 17 17 19 19 09 09 00 00 09 09 09 09 00 00 00 09 09 09 17 17 17 17 17 17 17 00 00 00 03 00 00 00 17 17 17 17 17 17 17 17 00 00 00 01 01 01 01 01 01 01 00 01 00 00 00 17 17 17 17 17 17 17 17 17 17 17 17 17 17 17 17 17 17 17 17 17 17 17 17 17
17 17 17 17 17 17 17 17 17 17 17 17 19 19 19 19 19 00 00 00 00 19 19 19 06 06 06 00 00 00 00 00 00 00 17 17 17 17 17 17 00 00 00 00 17 17 17 17 17 17 19 19 19 09 09 09 09 19 19 19 09 09 09 09 19 19 17 17 17 17 17 17 17 17 00 00 00 03 00 00 00 17 17 00 00 00 00 00 00 00 00 00 01 01 00 01 00 00 00 00 00 00 00 17 17 17 17 17 17 17 17 17 17 17 17 17 17 17 17 17 17 17 17 17 17 17 17 17
17 17 17 17 17 17 17 17 17 17 17 17 17 17 19 19 19 19 00 00 19 19 19 19 06 00 00 00 00 00 00 00 00 00 17 17 17 17 17 17 00 06 17 17 17 17 17 17 17 17 19 19 19 19 19 19 09 19 19 19 19 19 19 19 19 17 17 17 17 17 17 17 17 17 00 00 00 03 03 00 00 17 00 00 00 00 00 00 00 00 01 00 01 00 00 00 00 00 00 00 00 00 00 17 17 17 17 17 17 17 17 17 17 17 17 17 17 17 17 17 17 17 17 17 17 17 17 17
17 17 17 17 17 17 17 17 17 17 17 17 17 17 17 17 19 19 19 19 19 19 19 19 06 06 06 00 00 00 00 00 06 00 00 06 00 06 06 06 06 06 17 17 17 17 17 17 17 17 17 17 19 19 19 19 19 19 17 17 17 17 17 17 17 17 17 17 17 17 17 00 00 00 00 00 00 03 03 00 00 00 00 00 03 03 03 00 00 00 01 00 00 00 00 00 00 00 00 00 00 00 17 17 17 17 17 17 17 17 17 17 17 17 17 17 17 17 17 17 17 17 17 17 17 17 17 17
17 17 17 17 17 17 17 17 17 17 17 17 17 17 17 17 17 19 19 19 19 19 19 19 19 06 06 00 00 00 00 06 00 03 00 00 00 03 00 00 06 00 17 17 17 17 17 17 17 17 17 17 17 17 17 19 19 17 17 17 17 17 17 17 17 17 17 17 17 17 17 00 00 00 00 00 00 00 03 03 00 00 03 03 03 03 00 00 00 00 00 00 00 00 17 17 17 17 17 17 17 17 17 17 17 17 17 17 17 17 17 17 17 17 17 17 17 17 17 17 17 17 17 17 17 17 17 17
17 17 17 17 17 17 17 17 17 17 17 17 17 17 17 17 17 17 17 17 17 19 19 19 19 06 06 06 00 00 00 00 00 00 18 00 00 00 06 06 06 06 17 17 17 17 17 17 17 17 17 17 17 17 17 17 17 17 17 17 17 17 17 17 17 17 17 17 17 17 00 00 00 00 00 17 17 00 00 03 00 03 00 00 00 00 00 00 17 17 17 17 17 17 17 17 17 17 17 17 17 17 17 17 17 17 17 17 17 17 17 17 17 17 17 17 17 17 17 17 17 17 17 17 17 17 17 17
17 17 17 17 17 17 17 17 17 17 17 17 17 17 17 17 17 17 17 17 17 17 17 19 19 19 19 06 06 06 00 06 03 00 00 00 03 06 17 17 17 17 17 17 17 17 17 17 17 17 17 17 17 17 17 17 17 17 17 17 17 17 17 17 17 17 17 17 17 17 17 17 17 17 17 17 17 00 00 00 00 00 00 00 17 17 17 17 17 17 17 17 17 17 17 17 17 17 17 17 17 17 17 17 17 17 17 17 17 17 17 17 17 17 17 17 17 17 17 17 17 17 17 17 17 17 17 17
17 17 17 17 17 17 17 17 17 17 17 17 17 17 17 17 17 17 17 17 17 17 17 17 17 19 19 19 06 06 06 00 00 06 06 06 06 06 17 17 17 17 17 17 17 17 17 17 17 17 17 17 17 17 17 17 17 17 17 17 17 17 17 17 17 17 17 17 17 17 17 17 17 17 17 17 17 17 17 17 17 17 17 17 17 17 17 17 17 17 17 17 17 17 17 17 17 17 17 17 17 17 17 17 17 17 17 17 17 17 17 17 17 17 17 17 17 17 17 17 17 17 17 17 17 17 17 17
17 17 17 17 17 17 17 17 17 17 17 17 17 17 17 17 17 17 17 17 17 17 17 17 17 19 19 19 19 19 19 00 00 00 17 17 17 17 17 17 17 17 17 17 17 17 17 17 17 17 17 17 17 17 17 17 17 17 17 17 17 17 17 17 17 17 17 17 17 17 17 17 17 17 17 17 17 17 17 17 17 17 17 17 17 17 17 17 17 17 17 17 17 17 17 17 17 17 17 17 17 17 17 17 17 17 17 17 17 17 17 17 17 17 17 17 17 17 17 17 17 17 17 17 17 17 17 17
17 17 17 17 17 17 17 17 17 17 17 17 17 17 17 17 17 17 17 17 17 17 17 17 17 17 17 17 19 19 19 19 17 17 17 17 17 17 17 17 17 17 17 17 17 17 17 17 17 17 17 17 17 17 17 17 17 17 17 17 17 17 17 17 17 17 17 17 17 17 17 17 17 17 17 17 17 17 17 17 17 17 17 17 17 17 17 17 17 17 17 17 17 17 17 17 17 17 17 17 17 17 17 17 17 17 17 17 17 17 17 17 17 17 17 17 17 17 17 17 17 17 17 17 17 17 17 17
17 17 17 17 17 17 17 17 17 17 17 17 17 17 17 17 17 17 17 17 17 17 17 17 17 17 17 17 17 17 17 17 17 17 17 17 17 17 17 17 17 17 17 17 17 17 17 17 17 17 17 17 17 17 17 17 17 17 17 17 17 17 17 17 17 17 17 17 17 17 17 17 17 17 17 17 17 17 17 17 17 17 17 17 17 17 17 17 17 17 17 17 17 17 17 17 17 17 17 17 17 17 17 17 17 17 17 17 17 17 17 17 17 17 17 17 17 17 17 17 17 17 17 17 17 17 17 17
17 17 17 17 17 17 17 17 17 17 17 17 17 17 17 17 17 17 17 17 17 17 17 17 17 17 17 17 17 17 17 17 17 17 17 17 17 17 17 17 17 17 17 17 17 17 17 17 17 17 17 17 17 17 17 17 17 17 17 17 17 17 17 17 17 17 17 17 17 17 17 17 17 17 17 17 17 17 17 17 17 17 17 17 17 17 17 17 17 17 17 17 17 17 17 17 17 17 17 17 17 17 17 17 17 17 17 17 17 17 17 17 17 17 17 17 17 17 17 17 17 17 17 17 17 17 17 17
17 17 17 17 17 17 17 17 17 17 17 17 17 17 17 17 17 17 17 17 17 17 17 17 17 17 17 17 17 17 17 17 17 17 17 17 17 17 17 17 17 17 17 17 17 17 17 17 17 17 17 17 17 17 17 17 17 17 17 17 17 17 17 17 17 17 17 17 17 17 17 17 17 17 17 17 17 17 17 17 17 17 17 17 17 17 17 17 17 17 17 17 17 17 17 17 17 17 17 17 17 17 17 17 17 17 17 17 17 17 17 17 17 17 17 17 17 17 17 17 17 17 17 17 17 17 17 17
17 17 17 17 17 17 17 17 17 17 17 17 17 17 17 17 17 17 17 17 17 17 17 17 17 17 17 17 17 17 17 17 17 17 17 17 17 17 17 17 17 17 17 17 17 17 17 17 17 17 17 17 17 17 17 17 17 17 17 17 17 17 17 17 17 17 17 17 17 17 17 17 17 17 17 17 17 17 17 17 17 17 17 17 17 17 17 17 17 17 17 17 17 17 17 17 17 17 17 17 17 17 17 17 17 17 17 17 17 17 17 17 17 17 17 17 17 17 17 17 17 17 17 17 17 17 17 17
17 17 17 17 17 17 17 17 17 17 17 17 17 17 17 17 17 17 17 17 17 17 17 17 17 17 17 17 17 17 17 17 17 17 17 17 17 17 17 17 17 17 17 17 17 17 17 17 17 17 17 17 17 17 17 17 17 17 17 17 17 17 17 17 17 17 17 17 17 17 17 17 17 17 17 17 17 17 17 17 17 17 17 17 17 17 17 17 17 17 17 17 17 17 17 17 17 17 17 17 17 17 17 17 17 17 17 17 17 17 17 17 17 17 17 17 17 17 17 17 17 17 17 17 17 17 17 17
